700246
682634
695600
702679
690997
690976
806994
691373
805951
692478
699625
703680
822676
703143
806233
827517
802504
642016
663795
669391
674384
675650
678316
679883
679922
681895
669620
686972
687849
671162
686751
687424
669704
668873
687377
686796
687847
691951
686790
682790
676917
690925
669165
671109
683175
687003
690953
691172
668716
691441
700270
689981
701552
687287
694851
688107
681066
809763
694646
696149
697812
687924
680891
680744
692230
695534
696131
701519
680684
701656
687209
687223
699013
687931
694918
686930
680729
800049
802419
814005
684974
694462
687075
695076
702752
676012
682897
683742
671936
691669
691828
686560
675660
693308
694397
669434
696040
694820
679693
682126
669081
689441
694205
684049
695776
693176
691641
682769
695001
691414
800316
692838
700322
699044
702878
683522
694518
694391
694553
687900
690984
694312
702129
702303
700413
694203
691947
687394
701566
696275
702021
684949
674265
691725
694909
672021
681320
691795
694357
702504
695239
700924
689713
695667
695556
696143
700712
702905
800276
800393
800508
800067
801179
801725
800212
800571
801739
804522
695684
700327
800514
805871
689359
687985
702571
701603
671726
686951
693781
804556
686628
690279
691009
701474
702275
702318
801517
805257
805725
699314
800059
687087
687531
687721
687238
689818
694680
801432
703445
686934
688214
703596
687312
689233
702281
671382
687562
688730
688883
691008
669361
677337
687570
683000
690939
695380
806270
696519
804926
681077
686632
701328
689275
703725
814305
808277
688776
681289
814546
694753
805345
695229
694492
813766
815590
694900
801367
687268
690658
814351
814490
694375
692243
804249
802126
811290
694968
801802
804668
811310
694795
695034
683093
694346
806258
801643
814527
802357
695033
814489
687273
694494
694545
806046
691946
694370
815322
691765
702650
701675
815456
688396
813883
811315
814804
696280
811309
694393
694573
808510
801629
813715
702501
816120
809840
695695
824620
826538
691776
805207
702695
822067
701207
806053
804560
804995
702631
805260
696292
827292
702262
695611
800600
702264
702193
690971
833397
702278
822412
701590
804911
823990
811716
830239
829649
827734
815816
815617
816111
816113
815818
829210
815839
694369
802416
805299
826536
694364
805879
811666
701908
683384
829066
694491
675450
700255
692544
686228
815795
684442
683352
804467
700282
809109
681060
808054
800612
692013
150374
687991
695761
806960
803370
702023
806064
828987
805780
807284
692290
805175
800311
815626
803833
803349
702910
804860
808469
808244
820827
702566
829909
691548
689296
815348
688867
815916
821757
829072
804530
802411
693725
808323
811296
808029
815148
694345
703148
828173
828520
800286
700072
809254
820832
687762
700251
813349
815359
699151
695293
808366
813536
804817
691384
815071
823791
801139
829094
823369
694057
805664
806961
805255
828255
815824
702271
686953
702881
687239
801941
803291
688328
695721
696146
683568
695316
702273
703670
803143
701780
805326
807645
805155
703242
694832
800616
674450
701370
821073
695569
695705
702568
814525
802086
829162
692226
802146
689958
815785
801129
813949
680951
680916
821657
702593
703469
815841
805702
821759
683235
802068
683363
702604
800048
815897
701679
821800
702622
694549
822477
700174
701056
694316
800436
685326
814252
807743
692632
815814
828262
803011
812775
800624
800614
681916
815162
694050
803723
702477
808383
802412
695602
815157
800618
694331
687074
681458
805123
691012
820901
800063
809343
815308
826315
689200
805694
828599
830769
809789
801573
815832
815843
830402
815819
806265
804871
815789
701795
702373
702965
700985
703610
692137
813533
829071
805615
803135
806010
702274
700933
813335
809814
702586
815083
695402
696270
807281
803285
808161
814279
700365
801317
806224
824624
804942
800537
815794
809915
689042
806959
692064
807833
813916
805841
808218
812363
701527
823860
801434
806293
695646
808247
814507
702539
829763
801995
690978
820940
824415
806977
698934
804123
821067
829074
808547
820960
801737
827626
800611
829691
808690
815501
823658
828475
828774
804756
702505
805807
650656
804670
834243
815868
693750
807974
691576
805792
690217
828497
815893
804539
815598
814291
806067
805279
699276
696070
828786
701487
804981
801594
829764
821050
697811
681657
700370
811307
699309
804636
695558
800452
700351
691712
822038
814492
806963
701480
703921
694633
815454
820996
800471
136601
702873
700649
808394
702436
686433
800239
695765
693647
805261
805790
465321
805906
691893
702431
703496
691330
827408
808207
699008
694788
807968
682995
807002
815552
809092
821116
815825
433592
805800
681097
699134
808893
825419
800996
814232
702584
695247
695256
807748
824026
828244
821634
823839
823745
700280
822160
703603
702976
701388
807739
702668
681041
830336
691786
829306
815549
803141
702640
821783
808352
695746
806872
825095
698965
676883
827500
815298
815212
687216
815219
695789
693686
805074
676153
801078
815919
802408
827265
813820
687309
831273
692284
684516
809100
813838
692369
800320
824604
702296
695003
806996
815829
815119
694358
693311
821107
800277
828084
693739
694647
702266
804541
808250
687189
807314
806711
692414
689583
695778
805706
691730
807291
701717
693713
800283
830472
697795
806094
692030
831384
806641
699214
681168
829410
814275
805823
692437
815914
682785
687629
702255
692479
800125
804948
834404
801358
803516
828098
805793
692117
802511
697813
702056
815983
816102
691251
811291
703186
808243
695620
800344
805809
701347
