806957
806956
806953
804109
806071
695670
800306
800050
701339
805127
702540
800060
806611
805804
800433
703156
695573
800188
806230
823807
701337
692044
801501
702517
800208
689070
703676
691191
688460
800209
800387
800516
703602
801126
812430
680253
691739
814450
701360
702720
803284
703448
702656
813668
702610
702563
702491
703637
813930
828076
815787
700341
682625
806979
821380
806869
829042
829048
829679
829053
808545
821751
829043
829039
815890
829040
829823
829078
806823
829958
829038
815017
829037
808113
808115
807011
829058
815915
703200
702652
829061
806128
830802
815898
821043
821648
829059
829060
829036
808401
815921
829794
829062
829055
815904
829044
829068
803849
815922
829049
829747
812158
826723
806550
815900
